2
16 80
00000000000000000000000000000000000000000000000000000000000000000000000000000000
00000000000000000000000000000000000000000000000000000000000000000000000000000000
00000000000000000000000000000000000000000000000000000000000000000000000000000000
00000000000000000000000000000000000000000000000000000000000000000000000000000000
00000000000000000000000000000000000000000000000000000000000000000000000000000000
00000000000000000000000000000000000000000000000000000000000000000000000000000000
00000000000000011101101100010111011011000101100010001101001001101110110000000000
00000000000000011101101100010111011011000101100010001101001001101110110000000000
00000000000000011101101100010111011011000101100010001101001001101110110000000000
00000000000000011101101100010111011011000101100010001101001001101110110000000000
00000000000000011101101100010111011011000101100010001101001001101110110000000000
00000000000000011101101100010111011011000101100010001101001001101110110000000000
00000000000000011101101100010111011011000101100010001101001001101110110000000000
00000000000000000000000000000000000000000000000000000000000000000000000000000000
00000000000000000000000000000000000000000000000000000000000000000000000000000000
00000000000000000000000000000000000000000000000000000000000000000000000000000000
11 70
00000000000000000000000000000000000000000000000000000000000000000000000
00000000000000000000000000000000000000000000000000000000000000000000000
00000001100101000110100011010111101101110010011001001101110110000000000
00000001100101000110100011010111101101110010011001001101110110000000000
00000001100101000110100011010111101101110010011001001101110110000000000
00000001100101000110100011010111101101110010011001001101110110000000000
00000001100101000110100011010111101101110010011001001101110110000000000
00000001100101000110100011010111101101110010011001001101110110000000000
00000000000000000000000000000000000000000000000000000000000000000000000
00000000000000000000000000000000000000000000000000000000000000000000000
00000000000000000000000000000000000000000000000000000000000000000000000